{
    "w": 1440.0,
    "h": 1920.0,
    "fl_x": 1462.7667,
    "fl_y": 1462.7667,
    "cx": 930.24854,
    "cy": 719.5419,
    "camera_model": "OPENCV",
    "frames": [
        {
            "file_path": "images/BF28B2A6_frame_00000.jpg",
            "transform_matrix": [
                [
                    -0.036905702,
                    -0.9698302,
                    -0.24097134,
                    -6.648228
                ],
                [
                    -0.99825674,
                    0.04689286,
                    -0.03584139,
                    1.0204031
                ],
                [
                    0.0460599,
                    0.23922838,
                    -0.9698701,
                    3.1120706
                ],
                [
                    0.0,
                    0.0,
                    0.0,
                    1.0
                ]
            ]
        },
        {
            "file_path": "images/BF28B2A6_frame_00001.jpg",
            "transform_matrix": [
                [
                    -0.028620314,
                    -0.9686285,
                    -0.24685948,
                    -6.5985503
                ],
                [
                    -0.9979559,
                    0.04180512,
                    -0.048334442,
                    1.0195556
                ],
                [
                    0.057138104,
                    0.24497151,
                    -0.9678451,
                    3.0955405
                ],
                [
                    0.0,
                    0.0,
                    0.0,
                    1.0
                ]
            ]
        },
        {
            "file_path": "images/BF28B2A6_frame_00002.jpg",
            "transform_matrix": [
                [
                    -0.021578366,
                    -0.973406,
                    -0.2280678,
                    -6.547283
                ],
                [
                    -0.9981221,
                    0.034055877,
                    -0.050916243,
                    1.0147134
                ],
                [
                    0.057329223,
                    0.22654079,
                    -0.9723129,
                    3.0874178
                ],
                [
                    0.0,
                    0.0,
                    0.0,
                    1.0
                ]
            ]
        },
        {
            "file_path": "images/BF28B2A6_frame_00003.jpg",
            "transform_matrix": [
                [
                    -0.03803175,
                    -0.98453254,
                    -0.17102414,
                    -6.5045176
                ],
                [
                    -0.99866766,
                    0.043421697,
                    -0.027884914,
                    1.0154281
                ],
                [
                    0.034879763,
                    0.16973576,
                    -0.9848721,
                    3.0608215
                ],
                [
                    0.0,
                    0.0,
                    0.0,
                    1.0000001
                ]
            ]
        },
        {
            "file_path": "images/BF28B2A6_frame_00004.jpg",
            "transform_matrix": [
                [
                    -0.055313133,
                    -0.98759633,
                    -0.14694856,
                    -6.4588327
                ],
                [
                    -0.99727035,
                    0.061854698,
                    -0.040322434,
                    1.0173043
                ],
                [
                    0.048911735,
                    0.14431693,
                    -0.9883219,
                    3.0338426
                ],
                [
                    0.0,
                    0.0,
                    0.0,
                    1.0000001
                ]
            ]
        },
        {
            "file_path": "images/BF28B2A6_frame_00005.jpg",
            "transform_matrix": [
                [
                    -0.041773614,
                    -0.986114,
                    -0.1607298,
                    -6.4091015
                ],
                [
                    -0.997718,
                    0.04971226,
                    -0.045689527,
                    1.019362
                ],
                [
                    0.05304532,
                    0.1584544,
                    -0.98594034,
                    3.0271645
                ],
                [
                    0.0,
                    0.0,
                    0.0,
                    1.0
                ]
            ]
        },
        {
            "file_path": "images/BF28B2A6_frame_00006.jpg",
            "transform_matrix": [
                [
                    -0.022673033,
                    -0.98587024,
                    -0.1659693,
                    -6.3552337
                ],
                [
                    -0.9981418,
                    0.031714182,
                    -0.052028682,
                    1.0211912
                ],
                [
                    0.0565571,
                    0.16448121,
                    -0.9847573,
                    3.0210116
                ],
                [
                    0.0,
                    0.0,
                    0.0,
                    0.99999994
                ]
            ]
        },
        {
            "file_path": "images/BF28B2A6_frame_00007.jpg",
            "transform_matrix": [
                [
                    -0.033804636,
                    -0.9880813,
                    -0.15017492,
                    -6.3063602
                ],
                [
                    -0.996521,
                    0.044776797,
                    -0.07029193,
                    1.0201929
                ],
                [
                    0.07617848,
                    0.1472763,
                    -0.9861574,
                    3.009365
                ],
                [
                    0.0,
                    0.0,
                    0.0,
                    1.0
                ]
            ]
        },
        {
            "file_path": "images/BF28B2A6_frame_00008.jpg",
            "transform_matrix": [
                [
                    -0.045733605,
                    -0.99421525,
                    -0.097182095,
                    -6.261475
                ],
                [
                    -0.9970181,
                    0.051481657,
                    -0.057486072,
                    1.0204962
                ],
                [
                    0.06215662,
                    0.094263226,
                    -0.99360496,
                    2.9863856
                ],
                [
                    0.0,
                    0.0,
                    0.0,
                    0.99999994
                ]
            ]
        },
        {
            "file_path": "images/BF28B2A6_frame_00009.jpg",
            "transform_matrix": [
                [
                    -0.05110596,
                    -0.9974216,
                    -0.050381694,
                    -6.214551
                ],
                [
                    -0.9968928,
                    0.053976722,
                    -0.0573696,
                    1.0202367
                ],
                [
                    0.059941106,
                    0.047293168,
                    -0.9970809,
                    2.9615831
                ],
                [
                    0.0,
                    0.0,
                    0.0,
                    1.0000001
                ]
            ]
        },
        {
            "file_path": "images/BF28B2A6_frame_00010.jpg",
            "transform_matrix": [
                [
                    -0.037013646,
                    -0.9951673,
                    -0.09094838,
                    -6.16371
                ],
                [
                    -0.9983662,
                    0.04078938,
                    -0.040012617,
                    1.0229213
                ],
                [
                    0.043528978,
                    0.08931874,
                    -0.99505126,
                    2.9419854
                ],
                [
                    0.0,
                    0.0,
                    0.0,
                    0.9999999
                ]
            ]
        },
        {
            "file_path": "images/BF28B2A6_frame_00011.jpg",
            "transform_matrix": [
                [
                    -0.02162565,
                    -0.9925829,
                    -0.11963026,
                    -6.1156693
                ],
                [
                    -0.99835736,
                    0.027789993,
                    -0.050102256,
                    1.0274467
                ],
                [
                    0.053055163,
                    0.11835021,
                    -0.9915535,
                    2.9274817
                ],
                [
                    0.0,
                    0.0,
                    0.0,
                    1.0
                ]
            ]
        },
        {
            "file_path": "images/BF28B2A6_frame_00012.jpg",
            "transform_matrix": [
                [
                    -0.0094708055,
                    -0.9945598,
                    -0.10373546,
                    -6.0655074
                ],
                [
                    -0.997881,
                    0.016078535,
                    -0.06304816,
                    1.0304388
                ],
                [
                    0.06437308,
                    0.10291845,
                    -0.9926045,
                    2.9166765
                ],
                [
                    0.0,
                    0.0,
                    0.0,
                    1.0
                ]
            ]
        },
        {
            "file_path": "images/BF28B2A6_frame_00013.jpg",
            "transform_matrix": [
                [
                    -0.028040018,
                    -0.9980904,
                    -0.055037234,
                    -6.016247
                ],
                [
                    -0.99666405,
                    0.03213667,
                    -0.07501878,
                    1.027287
                ],
                [
                    0.07664425,
                    0.052750174,
                    -0.995662,
                    2.8964021
                ],
                [
                    0.0,
                    0.0,
                    0.0,
                    0.9999998
                ]
            ]
        },
        {
            "file_path": "images/BF28B2A6_frame_00014.jpg",
            "transform_matrix": [
                [
                    -0.042204645,
                    -0.9988763,
                    0.021561932,
                    -5.9781723
                ],
                [
                    -0.9970793,
                    0.0407342,
                    -0.06460232,
                    1.0255456
                ],
                [
                    0.06365141,
                    -0.024225513,
                    -0.9976781,
                    2.8615236
                ],
                [
                    0.0,
                    0.0,
                    0.0,
                    1.0
                ]
            ]
        },
        {
            "file_path": "images/BF28B2A6_frame_00015.jpg",
            "transform_matrix": [
                [
                    -0.066049546,
                    -0.9949736,
                    0.07526554,
                    -5.9423127
                ],
                [
                    -0.9969545,
                    0.06267012,
                    -0.046412695,
                    1.0263474
                ],
                [
                    0.041462507,
                    -0.07810188,
                    -0.9960827,
                    2.8246076
                ],
                [
                    0.0,
                    0.0,
                    0.0,
                    1.0
                ]
            ]
        },
        {
            "file_path": "images/BF28B2A6_frame_00016.jpg",
            "transform_matrix": [
                [
                    -0.062265515,
                    -0.9956527,
                    0.06927289,
                    -5.89882
                ],
                [
                    -0.9971192,
                    0.059044443,
                    -0.047614355,
                    1.0231171
                ],
                [
                    0.043317173,
                    -0.072038084,
                    -0.99646074,
                    2.7947745
                ],
                [
                    0.0,
                    0.0,
                    0.0,
                    1.0000001
                ]
            ]
        },
        {
            "file_path": "images/BF28B2A6_frame_00017.jpg",
            "transform_matrix": [
                [
                    -0.036251795,
                    -0.99865246,
                    0.037135556,
                    -5.852754
                ],
                [
                    -0.99785227,
                    0.03414398,
                    -0.055902455,
                    1.0270766
                ],
                [
                    0.05455916,
                    -0.039082352,
                    -0.99774534,
                    2.7696903
                ],
                [
                    0.0,
                    0.0,
                    0.0,
                    1.0
                ]
            ]
        },
        {
            "file_path": "images/BF28B2A6_frame_00018.jpg",
            "transform_matrix": [
                [
                    -0.025419973,
                    -0.9987355,
                    0.043373216,
                    -5.805686
                ],
                [
                    -0.9979003,
                    0.02276542,
                    -0.060635753,
                    1.029947
                ],
                [
                    0.05957166,
                    -0.044823542,
                    -0.9972171,
                    2.7520974
                ],
                [
                    0.0,
                    0.0,
                    0.0,
                    0.99999994
                ]
            ]
        },
        {
            "file_path": "images/BF28B2A6_frame_00019.jpg",
            "transform_matrix": [
                [
                    -0.025167592,
                    -0.99579316,
                    0.08810564,
                    -5.765313
                ],
                [
                    -0.99808997,
                    0.020055773,
                    -0.058431227,
                    1.0335606
                ],
                [
                    0.05641838,
                    -0.08940795,
                    -0.99439585,
                    2.7227094
                ],
                [
                    0.0,
                    0.0,
                    0.0,
                    1.0
                ]
            ]
        },
        {
            "file_path": "images/BF28B2A6_frame_00020.jpg",
            "transform_matrix": [
                [
                    -0.044345163,
                    -0.9898567,
                    0.13497117,
                    -5.756486
                ],
                [
                    -0.99843234,
                    0.039294194,
                    -0.03986055,
                    1.0360184
                ],
                [
                    0.03415265,
                    -0.13652717,
                    -0.9900474,
                    2.671987
                ],
                [
                    0.0,
                    0.0,
                    0.0,
                    1.0000001
                ]
            ]
        },
        {
            "file_path": "images/BF28B2A6_frame_00021.jpg",
            "transform_matrix": [
                [
                    -0.064282835,
                    -0.9823035,
                    0.17591888,
                    -5.7248707
                ],
                [
                    -0.9969545,
                    0.05541476,
                    -0.054871593,
                    1.0323515
                ],
                [
                    0.044152062,
                    -0.1789104,
                    -0.9828741,
                    2.6329334
                ],
                [
                    0.0,
                    0.0,
                    0.0,
                    0.99999994
                ]
            ]
        },
        {
            "file_path": "images/BF28B2A6_frame_00022.jpg",
            "transform_matrix": [
                [
                    -0.055874623,
                    -0.97909176,
                    0.19559453,
                    -5.676312
                ],
                [
                    -0.9973221,
                    0.045472253,
                    -0.057279162,
                    1.0315212
                ],
                [
                    0.04718742,
                    -0.19827126,
                    -0.97901046,
                    2.6084228
                ],
                [
                    0.0,
                    0.0,
                    0.0,
                    1.0
                ]
            ]
        },
        {
            "file_path": "images/BF28B2A6_frame_00023.jpg",
            "transform_matrix": [
                [
                    -0.044300795,
                    -0.9753239,
                    0.21628831,
                    -5.625272
                ],
                [
                    -0.99830794,
                    0.035056632,
                    -0.046393003,
                    1.0364192
                ],
                [
                    0.037665863,
                    -0.21797758,
                    -0.9752266,
                    2.5942419
                ],
                [
                    0.0,
                    0.0,
                    0.0,
                    0.99999994
                ]
            ]
        },
        {
            "file_path": "images/BF28B2A6_frame_00024.jpg",
            "transform_matrix": [
                [
                    -0.039674465,
                    -0.9701702,
                    0.23915547,
                    -5.574449
                ],
                [
                    -0.99773127,
                    0.025436262,
                    -0.06233162,
                    1.034208
                ],
                [
                    0.054389063,
                    -0.2410859,
                    -0.96897835,
                    2.5767124
                ],
                [
                    0.0,
                    0.0,
                    0.0,
                    0.9999998
                ]
            ]
        },
        {
            "file_path": "images/BF28B2A6_frame_00025.jpg",
            "transform_matrix": [
                [
                    -0.0653503,
                    -0.9522562,
                    0.29822364,
                    -5.531427
                ],
                [
                    -0.9971317,
                    0.050883126,
                    -0.05602871,
                    1.0304433
                ],
                [
                    0.038179133,
                    -0.30102977,
                    -0.95285004,
                    2.5470524
                ],
                [
                    0.0,
                    0.0,
                    0.0,
                    0.99999994
                ]
            ]
        },
        {
            "file_path": "images/BF28B2A6_frame_00026.jpg",
            "transform_matrix": [
                [
                    -0.07321069,
                    -0.9207529,
                    0.3832157,
                    -5.498805
                ],
                [
                    -0.9968975,
                    0.056424797,
                    -0.054878395,
                    1.0281518
                ],
                [
                    0.028906573,
                    -0.3860444,
                    -0.9220271,
                    2.5098538
                ],
                [
                    0.0,
                    0.0,
                    0.0,
                    1.0
                ]
            ]
        },
        {
            "file_path": "images/BF28B2A6_frame_00027.jpg",
            "transform_matrix": [
                [
                    -0.07431289,
                    -0.90021217,
                    0.42906368,
                    -5.4503403
                ],
                [
                    -0.99702805,
                    0.05830354,
                    -0.05035728,
                    1.0245317
                ],
                [
                    0.020316299,
                    -0.43153074,
                    -0.9018693,
                    2.4893122
                ],
                [
                    0.0,
                    0.0,
                    0.0,
                    1.0
                ]
            ]
        },
        {
            "file_path": "images/BF28B2A6_frame_00028.jpg",
            "transform_matrix": [
                [
                    -0.052301563,
                    -0.8869353,
                    0.4589229,
                    -5.400833
                ],
                [
                    -0.99830496,
                    0.034688976,
                    -0.04673124,
                    1.0280495
                ],
                [
                    0.02552802,
                    -0.46058914,
                    -0.88724625,
                    2.4975948
                ],
                [
                    0.0,
                    0.0,
                    0.0,
                    1.0
                ]
            ]
        },
        {
            "file_path": "images/BF28B2A6_frame_00029.jpg",
            "transform_matrix": [
                [
                    -0.06393688,
                    -0.8442714,
                    0.5320881,
                    -5.36007
                ],
                [
                    -0.99698806,
                    0.030586578,
                    -0.07126814,
                    1.0255283
                ],
                [
                    0.043894906,
                    -0.53504217,
                    -0.84368414,
                    2.5090387
                ],
                [
                    0.0,
                    0.0,
                    0.0,
                    1.0
                ]
            ]
        },
        {
            "file_path": "images/BF28B2A6_frame_00030.jpg",
            "transform_matrix": [
                [
                    -0.06623436,
                    -0.7917263,
                    0.60727465,
                    -5.360442
                ],
                [
                    -0.9973636,
                    0.034450583,
                    -0.06386618,
                    1.0247827
                ],
                [
                    0.02964357,
                    -0.6099038,
                    -0.7919207,
                    2.5154793
                ],
                [
                    0.0,
                    0.0,
                    0.0,
                    0.99999994
                ]
            ]
        },
        {
            "file_path": "images/BF28B2A6_frame_00031.jpg",
            "transform_matrix": [
                [
                    -0.07021316,
                    -0.7337235,
                    0.67581046,
                    -5.3685393
                ],
                [
                    -0.9973298,
                    0.03799289,
                    -0.062368672,
                    1.0285364
                ],
                [
                    0.020085366,
                    -0.67838496,
                    -0.73443186,
                    2.5190647
                ],
                [
                    0.0,
                    0.0,
                    0.0,
                    0.9999999
                ]
            ]
        },
        {
            "file_path": "images/BF28B2A6_frame_00032.jpg",
            "transform_matrix": [
                [
                    -0.07743817,
                    -0.67146534,
                    0.73697865,
                    -5.379992
                ],
                [
                    -0.9969353,
                    0.043916553,
                    -0.06474055,
                    1.0226221
                ],
                [
                    0.011105471,
                    -0.73973346,
                    -0.67280823,
                    2.542552
                ],
                [
                    0.0,
                    0.0,
                    0.0,
                    1.0
                ]
            ]
        },
        {
            "file_path": "images/BF28B2A6_frame_00033.jpg",
            "transform_matrix": [
                [
                    -0.05818316,
                    -0.673396,
                    0.7369887,
                    -5.366954
                ],
                [
                    -0.9980319,
                    0.021941137,
                    -0.05874388,
                    1.024334
                ],
                [
                    0.02338752,
                    -0.73895615,
                    -0.67334735,
                    2.59215
                ],
                [
                    0.0,
                    0.0,
                    0.0,
                    1.0
                ]
            ]
        },
        {
            "file_path": "images/BF28B2A6_frame_00034.jpg",
            "transform_matrix": [
                [
                    -0.070641935,
                    -0.6399767,
                    0.76514024,
                    -5.3556
                ],
                [
                    -0.9967519,
                    0.015552923,
                    -0.079016864,
                    1.0199748
                ],
                [
                    0.038668785,
                    -0.7682368,
                    -0.6389967,
                    2.6428442
                ],
                [
                    0.0,
                    0.0,
                    0.0,
                    1.0
                ]
            ]
        },
        {
            "file_path": "images/BF28B2A6_frame_00035.jpg",
            "transform_matrix": [
                [
                    -0.06917511,
                    -0.56817746,
                    0.8199933,
                    -5.3707232
                ],
                [
                    -0.99758613,
                    0.034409434,
                    -0.060314473,
                    1.0206786
                ],
                [
                    0.0060538207,
                    -0.8221863,
                    -0.5691862,
                    2.6702437
                ],
                [
                    0.0,
                    0.0,
                    0.0,
                    1.0
                ]
            ]
        },
        {
            "file_path": "images/BF28B2A6_frame_00036.jpg",
            "transform_matrix": [
                [
                    -0.08235821,
                    -0.4913369,
                    0.867067,
                    -5.393725
                ],
                [
                    -0.9965916,
                    0.03648274,
                    -0.07398758,
                    1.0213333
                ],
                [
                    0.004719847,
                    -0.8702051,
                    -0.49266684,
                    2.6803155
                ],
                [
                    0.0,
                    0.0,
                    0.0,
                    1.0
                ]
            ]
        },
        {
            "file_path": "images/BF28B2A6_frame_00037.jpg",
            "transform_matrix": [
                [
                    -0.0857263,
                    -0.48127133,
                    0.8723696,
                    -5.4042654
                ],
                [
                    -0.99630433,
                    0.036707565,
                    -0.07765421,
                    1.0258958
                ],
                [
                    0.005350179,
                    -0.87580264,
                    -0.4826395,
                    2.729749
                ],
                [
                    0.0,
                    0.0,
                    0.0,
                    0.99999994
                ]
            ]
        },
        {
            "file_path": "images/BF28B2A6_frame_00038.jpg",
            "transform_matrix": [
                [
                    -0.079543546,
                    -0.49747378,
                    0.8638244,
                    -5.399735
                ],
                [
                    -0.99655783,
                    0.019386966,
                    -0.08060113,
                    1.0260477
                ],
                [
                    0.02335001,
                    -0.8672623,
                    -0.49730343,
                    2.7797775
                ],
                [
                    0.0,
                    0.0,
                    0.0,
                    1.0
                ]
            ]
        },
        {
            "file_path": "images/BF28B2A6_frame_00039.jpg",
            "transform_matrix": [
                [
                    -0.08571578,
                    -0.46174923,
                    0.8828592,
                    -5.4025855
                ],
                [
                    -0.9962098,
                    0.026567198,
                    -0.0828258,
                    1.0224963
                ],
                [
                    0.014789655,
                    -0.8866125,
                    -0.46227634,
                    2.8297572
                ],
                [
                    0.0,
                    0.0,
                    0.0,
                    1.0
                ]
            ]
        },
        {
            "file_path": "images/BF28B2A6_frame_00040.jpg",
            "transform_matrix": [
                [
                    -0.11344154,
                    -0.42962593,
                    0.8958529,
                    -5.414541
                ],
                [
                    -0.99349284,
                    0.03984075,
                    -0.10669914,
                    1.0155092
                ],
                [
                    0.01014926,
                    -0.90212756,
                    -0.43134984,
                    2.878917
                ],
                [
                    0.0,
                    0.0,
                    0.0,
                    1.0
                ]
            ]
        },
        {
            "file_path": "images/BF28B2A6_frame_00041.jpg",
            "transform_matrix": [
                [
                    -0.13127641,
                    -0.4426898,
                    0.8870131,
                    -5.4227085
                ],
                [
                    -0.9912342,
                    0.045184415,
                    -0.12415035,
                    1.0129669
                ],
                [
                    0.01488092,
                    -0.8955356,
                    -0.44474086,
                    2.9303086
                ],
                [
                    0.0,
                    0.0,
                    0.0,
                    1.0
                ]
            ]
        },
        {
            "file_path": "images/BF28B2A6_frame_00042.jpg",
            "transform_matrix": [
                [
                    -0.11364475,
                    -0.48164055,
                    0.8689691,
                    -5.4203324
                ],
                [
                    -0.9935078,
                    0.050503574,
                    -0.101939626,
                    1.0135272
                ],
                [
                    0.0052122073,
                    -0.8749124,
                    -0.48425296,
                    2.9802537
                ],
                [
                    0.0,
                    0.0,
                    0.0,
                    1.0
                ]
            ]
        },
        {
            "file_path": "images/BF28B2A6_frame_00043.jpg",
            "transform_matrix": [
                [
                    -0.09794268,
                    -0.5185961,
                    0.84939104,
                    -5.4048967
                ],
                [
                    -0.9951478,
                    0.042992514,
                    -0.0885007,
                    1.0126096
                ],
                [
                    0.009378658,
                    -0.85393775,
                    -0.52029055,
                    3.0304286
                ],
                [
                    0.0,
                    0.0,
                    0.0,
                    0.99999994
                ]
            ]
        },
        {
            "file_path": "images/BF28B2A6_frame_00044.jpg",
            "transform_matrix": [
                [
                    -0.088774376,
                    -0.5177919,
                    0.8508882,
                    -5.387863
                ],
                [
                    -0.99540603,
                    0.015362873,
                    -0.09450335,
                    1.0125765
                ],
                [
                    0.035860974,
                    -0.8553687,
                    -0.516777,
                    3.079825
                ],
                [
                    0.0,
                    0.0,
                    0.0,
                    1.0
                ]
            ]
        },
        {
            "file_path": "images/BF28B2A6_frame_00045.jpg",
            "transform_matrix": [
                [
                    -0.09700887,
                    -0.51266026,
                    0.8530937,
                    -5.3684263
                ],
                [
                    -0.99386215,
                    0.0041045924,
                    -0.11054963,
                    1.0156993
                ],
                [
                    0.05317279,
                    -0.8585817,
                    -0.5099117,
                    3.1260576
                ],
                [
                    0.0,
                    0.0,
                    0.0,
                    1.0
                ]
            ]
        },
        {
            "file_path": "images/BF28B2A6_frame_00046.jpg",
            "transform_matrix": [
                [
                    -0.1091492,
                    -0.47257835,
                    0.8745033,
                    -5.3508673
                ],
                [
                    -0.9937752,
                    0.032141667,
                    -0.106666625,
                    1.0148593
                ],
                [
                    0.022300344,
                    -0.88070226,
                    -0.47314483,
                    3.1752412
                ],
                [
                    0.0,
                    0.0,
                    0.0,
                    1.0
                ]
            ]
        },
        {
            "file_path": "images/BF28B2A6_frame_00047.jpg",
            "transform_matrix": [
                [
                    -0.103223555,
                    -0.41295394,
                    0.9048833,
                    -5.3435597
                ],
                [
                    -0.9946457,
                    0.03829133,
                    -0.09598839,
                    1.0124346
                ],
                [
                    0.0049896045,
                    -0.9099465,
                    -0.41469544,
                    3.2247467
                ],
                [
                    0.0,
                    0.0,
                    0.0,
                    1.0
                ]
            ]
        },
        {
            "file_path": "images/BF28B2A6_frame_00048.jpg",
            "transform_matrix": [
                [
                    -0.09846526,
                    -0.33240327,
                    0.9379833,
                    -5.3400292
                ],
                [
                    -0.99507725,
                    0.043514814,
                    -0.08903792,
                    1.0131463
                ],
                [
                    -0.011219673,
                    -0.9421329,
                    -0.33505157,
                    3.2542076
                ],
                [
                    0.0,
                    0.0,
                    0.0,
                    1.0
                ]
            ]
        },
        {
            "file_path": "images/BF28B2A6_frame_00049.jpg",
            "transform_matrix": [
                [
                    -0.10244218,
                    -0.26884967,
                    0.95771885,
                    -5.3836355
                ],
                [
                    -0.9946209,
                    0.04251261,
                    -0.09445531,
                    1.011715
                ],
                [
                    -0.015320844,
                    -0.9622434,
                    -0.27175856,
                    3.2252164
                ],
                [
                    0.0,
                    0.0,
                    0.0,
                    1.0
                ]
            ]
        },
        {
            "file_path": "images/BF28B2A6_frame_00050.jpg",
            "transform_matrix": [
                [
                    -0.08645835,
                    -0.18305622,
                    0.9792933,
                    -5.42766
                ],
                [
                    -0.9960683,
                    0.034937203,
                    -0.08140865,
                    1.0180427
                ],
                [
                    -0.019311411,
                    -0.98248136,
                    -0.18535705,
                    3.2275808
                ],
                [
                    0.0,
                    0.0,
                    0.0,
                    1.0
                ]
            ]
        },
        {
            "file_path": "images/BF28B2A6_frame_00051.jpg",
            "transform_matrix": [
                [
                    -0.08037829,
                    -0.1257918,
                    0.9887951,
                    -5.4621043
                ],
                [
                    -0.99658203,
                    0.029119164,
                    -0.07730682,
                    1.0250173
                ],
                [
                    -0.019068325,
                    -0.9916292,
                    -0.12770236,
                    3.2661405
                ],
                [
                    0.0,
                    0.0,
                    0.0,
                    1.0
                ]
            ]
        },
        {
            "file_path": "images/BF28B2A6_frame_00052.jpg",
            "transform_matrix": [
                [
                    -0.072531685,
                    -0.035325177,
                    0.99674034,
