{
    "w": 1440.0,
    "h": 1920.0,
    "fl_x": 1460.4237,
    "fl_y": 1460.4237,
    "cx": 930.77844,
    "cy": 720.0288,
    "camera_model": "OPENCV",
    "frames": [
        {
            "file_path": "images/8BEBC179_frame_00000.jpg",
            "transform_matrix": [
                [
                    -0.0007887457,
                    -0.4754047,
                    0.8797669,
                    -0.36367428
                ],
                [
                    -0.9981187,
                    0.054309808,
                    0.028452847,
                    0.6353822
                ],
                [
                    -0.061306585,
                    -0.8780893,
                    -0.4745531,
                    -0.44272777
                ],
                [
                    0.0,
                    0.0,
                    0.0,
                    1.0
                ]
            ]
        },
        {
            "file_path": "images/8BEBC179_frame_00001.jpg",
            "transform_matrix": [
                [
                    -0.009465396,
                    -0.3661343,
                    0.9305139,
                    -0.26164642
                ],
                [
                    -0.9995687,
                    0.029336145,
                    0.0013752134,
                    0.6070816
                ],
                [
                    -0.027801203,
                    -0.9300995,
                    -0.36625403,
                    -0.46050692
                ],
                [
                    0.0,
                    0.0,
                    0.0,
                    1.0
                ]
            ]
        },
        {
            "file_path": "images/8BEBC179_frame_00002.jpg",
            "transform_matrix": [
                [
                    -0.014897313,
                    -0.27287617,
                    0.9619338,
                    -0.2598077
                ],
                [
                    -0.99955463,
                    0.028942224,
                    -0.0072697676,
                    0.60605985
                ],
                [
                    -0.025856758,
                    -0.9616138,
                    -0.27318582,
                    -0.45316726
                ],
                [
                    0.0,
                    0.0,
                    0.0,
                    0.99999994
                ]
            ]
        },
        {
            "file_path": "images/8BEBC179_frame_00003.jpg",
            "transform_matrix": [
                [
                    -0.04312877,
                    -0.12780833,
                    0.99086076,
                    -0.25630003
                ],
                [
                    -0.9986696,
                    0.03357382,
                    -0.03913807,
                    0.6069213
                ],
                [
                    -0.028264808,
                    -0.9912305,
                    -0.1290863,
                    -0.43260708
                ],
                [
                    0.0,
                    0.0,
                    0.0,
                    1.0
                ]
            ]
        },
        {
            "file_path": "images/8BEBC179_frame_00004.jpg",
            "transform_matrix": [
                [
                    -0.049607262,
                    0.014408852,
                    0.9986649,
                    -0.25519633
                ],
                [
                    -0.9981919,
                    0.033264093,
                    -0.050063707,
                    0.6089663
                ],
                [
                    -0.03394104,
                    -0.9993428,
                    0.012732649,
                    -0.4121306
                ],
                [
                    0.0,
                    0.0,
                    0.0,
                    0.99999994
                ]
            ]
        },
        {
            "file_path": "images/8BEBC179_frame_00005.jpg",
            "transform_matrix": [
                [
                    -0.064969294,
                    0.13383931,
                    0.98887116,
                    -0.2593483
                ],
                [
                    -0.9969929,
                    0.033240825,
                    -0.07000189,
                    0.61159146
                ],
                [
                    -0.042239897,
                    -0.99044544,
                    0.13127722,
                    -0.39958513
                ],
                [
                    0.0,
                    0.0,
                    0.0,
                    1.0
                ]
            ]
        },
        {
            "file_path": "images/8BEBC179_frame_00006.jpg",
            "transform_matrix": [
                [
                    -0.060852274,
                    0.34578043,
                    0.9363401,
                    -0.26966545
                ],
                [
                    -0.99716413,
                    0.020553991,
                    -0.07239557,
                    0.6136002
                ],
                [
                    -0.044278502,
                    -0.93809026,
                    0.34354925,
                    -0.38089195
                ],
                [
                    0.0,
                    0.0,
                    0.0,
                    0.99999994
                ]
            ]
        },
        {
            "file_path": "images/8BEBC179_frame_00007.jpg",
            "transform_matrix": [
                [
                    -0.04632759,
                    0.5159499,
                    0.85536504,
                    -0.27890128
                ],
                [
                    -0.9977394,
                    0.01783063,
                    -0.06479405,
                    0.6164409
                ],
                [
                    -0.04868218,
                    -0.85643315,
                    0.51395756,
                    -0.3618372
                ],
                [
                    0.0,
                    0.0,
                    0.0,
                    1.0
                ]
            ]
        },
        {
            "file_path": "images/8BEBC179_frame_00008.jpg",
            "transform_matrix": [
                [
                    -0.044346824,
                    0.6390541,
                    0.7678822,
                    -0.3059308
                ],
                [
                    -0.99767154,
                    0.011536462,
                    -0.067218624,
                    0.6235549
                ],
                [
                    -0.05181499,
                    -0.7690752,
                    0.63705456,
                    -0.3401238
                ],
                [
                    0.0,
                    0.0,
                    0.0,
                    0.9999999
                ]
            ]
        },
        {
            "file_path": "images/8BEBC179_frame_00009.jpg",
            "transform_matrix": [
                [
                    -0.040893935,
                    0.73881197,
                    0.67266977,
                    -0.3181899
                ],
                [
                    -0.9973519,
                    0.010339602,
                    -0.07198876,
                    0.62147766
                ],
                [
                    -0.060141288,
                    -0.67383236,
                    0.7364326,
                    -0.34678957
                ],
                [
                    0.0,
                    0.0,
                    0.0,
                    0.99999994
                ]
            ]
        },
        {
            "file_path": "images/8BEBC179_frame_00010.jpg",
            "transform_matrix": [
                [
                    -0.023892893,
                    0.82487226,
                    0.5648141,
                    -0.33715186
                ],
                [
                    -0.99805635,
                    0.012845676,
                    -0.06098023,
                    0.6270417
                ],
                [
                    -0.057556316,
                    -0.56517327,
                    0.82296205,
                    -0.3479655
                ],
                [
                    0.0,
                    0.0,
                    0.0,
                    1.0
                ]
            ]
        },
        {
            "file_path": "images/8BEBC179_frame_00011.jpg",
            "transform_matrix": [
                [
                    -0.013354563,
                    0.88356626,
                    0.46811584,
                    -0.35188335
                ],
                [
                    -0.9976833,
                    0.019457087,
                    -0.06518739,
                    0.6318085
                ],
                [
                    -0.06670554,
                    -0.4679019,
                    0.88125944,
                    -0.34117028
                ],
                [
                    0.0,
                    0.0,
                    0.0,
                    1.0
                ]
            ]
        },
        {
            "file_path": "images/8BEBC179_frame_00012.jpg",
            "transform_matrix": [
                [
                    0.0043126554,
                    0.93479735,
                    0.35515544,
                    -0.36784235
                ],
                [
                    -0.9984913,
                    0.023467315,
                    -0.049643155,
                    0.63642573
                ],
                [
                    -0.05474083,
                    -0.35440552,
                    0.9334882,
                    -0.3347559
                ],
                [
                    0.0,
                    0.0,
                    0.0,
                    1.0000001
                ]
            ]
        },
        {
            "file_path": "images/8BEBC179_frame_00013.jpg",
            "transform_matrix": [
                [
                    -0.013155891,
                    0.9722064,
                    0.23375548,
                    -0.3749714
                ],
                [
                    -0.99768424,
                    0.0028386726,
                    -0.06795648,
                    0.6319824
                ],
                [
                    -0.06673128,
                    -0.23410821,
                    0.96991765,
                    -0.32763362
                ],
                [
                    0.0,
                    0.0,
                    0.0,
                    1.0
                ]
            ]
        },
        {
            "file_path": "images/8BEBC179_frame_00014.jpg",
            "transform_matrix": [
                [
                    -0.008843001,
                    0.99679154,
                    0.07955139,
                    -0.3880052
                ],
                [
                    -0.9974393,
                    -0.00314665,
                    -0.07144819,
                    0.63310635
                ],
                [
                    -0.07096863,
                    -0.07997951,
                    0.9942669,
                    -0.31811938
                ],
                [
                    0.0,
                    0.0,
                    0.0,
                    1.0
                ]
            ]
        },
        {
            "file_path": "images/8BEBC179_frame_00015.jpg",
            "transform_matrix": [
                [
                    -0.0053649624,
                    0.9999186,
                    -0.011580925,
                    -0.39517435
                ],
                [
                    -0.9981726,
                    -0.0060519446,
                    -0.060124256,
                    0.6338914
                ],
                [
                    -0.060189445,
                    0.011237214,
                    0.9981237,
                    -0.31576562
                ],
                [
                    0.0,
                    0.0,
                    0.0,
                    1.0
                ]
            ]
        },
        {
            "file_path": "images/8BEBC179_frame_00016.jpg",
            "transform_matrix": [
                [
                    -0.0039078477,
                    0.99221045,
                    -0.12451221,
                    -0.40132272
                ],
                [
                    -0.99818456,
                    -0.011354049,
                    -0.05914963,
                    0.63518643
                ],
                [
                    -0.060102597,
                    0.12405502,
                    0.9904535,
                    -0.3163784
                ],
                [
                    0.0,
                    0.0,
                    0.0,
                    1.0
                ]
            ]
        },
        {
            "file_path": "images/8BEBC179_frame_00017.jpg",
            "transform_matrix": [
                [
                    -0.008106766,
                    0.9745111,
                    -0.22419229,
                    -0.40717953
                ],
                [
                    -0.9985984,
                    -0.019615918,
                    -0.04915659,
                    0.63603693
                ],
                [
                    -0.05230139,
                    0.22347957,
                    0.97330433,
                    -0.32064468
                ],
                [
                    0.0,
                    0.0,
                    0.0,
                    1.0
                ]
            ]
        },
        {
            "file_path": "images/8BEBC179_frame_00018.jpg",
            "transform_matrix": [
                [
                    -0.002497169,
                    0.924066,
                    -0.38222468,
                    -0.41456613
                ],
                [
                    -0.9982572,
                    -0.024839284,
                    -0.05352956,
                    0.63470155
                ],
                [
                    -0.058959037,
                    0.38142487,
                    0.9225176,
                    -0.31924662
                ],
                [
                    0.0,
                    0.0,
                    0.0,
                    1.0
                ]
            ]
        },
        {
            "file_path": "images/8BEBC179_frame_00019.jpg",
            "transform_matrix": [
                [
                    0.0017529111,
                    0.8820849,
                    -0.47108722,
                    -0.41589034
                ],
                [
                    -0.9983666,
                    -0.025358623,
                    -0.05119754,
                    0.6344015
                ],
                [
                    -0.057106704,
                    0.4704075,
                    0.8805996,
                    -0.31903797
                ],
                [
                    0.0,
                    0.0,
                    0.0,
                    1.0
                ]
            ]
        }
    ],
    "ply_file_path": "sparse_pc.ply"
}