{
    "w": 1440.0,
    "h": 1920.0,
    "fl_x": 1455.7382,
    "fl_y": 1455.7382,
    "cx": 931.27356,
    "cy": 719.2292,
    "camera_model": "OPENCV",
    "frames": [
        {
            "file_path": "images/2F707484_frame_00000.jpg",
            "transform_matrix": [
                [
                    0.06976633,
                    0.97763366,
                    -0.19840664,
                    -5.757856
                ],
                [
                    -0.982192,
                    0.032538377,
                    -0.1850408,
                    0.7561089
                ],
                [
                    -0.17444628,
                    0.20778306,
                    0.9624941,
                    0.928717
                ],
                [
                    0.0,
                    0.0,
                    0.0,
                    1.0
                ]
            ]
        },
        {
            "file_path": "images/2F707484_frame_00001.jpg",
            "transform_matrix": [
                [
                    0.039025996,
                    0.98812336,
                    -0.14862362,
                    -5.8402486
                ],
                [
                    -0.9835099,
                    0.011698482,
                    -0.1804754,
                    0.76586866
                ],
                [
                    -0.17659332,
                    0.15321612,
                    0.97228575,
                    0.96237564
                ],
                [
                    0.0,
                    0.0,
                    0.0,
                    0.99999994
                ]
            ]
        },
        {
            "file_path": "images/2F707484_frame_00002.jpg",
            "transform_matrix": [
                [
                    0.0018116715,
                    0.99937534,
                    0.035293758,
                    -6.5766606
                ],
                [
                    -0.9915651,
                    0.006369251,
                    -0.12945291,
                    0.78111196
                ],
                [
                    -0.12959684,
                    -0.03476152,
                    0.9909573,
                    1.5062749
                ],
                [
                    0.0,
                    0.0,
                    0.0,
                    1.0
                ]
            ]
        },
        {
            "file_path": "images/2F707484_frame_00003.jpg",
            "transform_matrix": [
                [
                    0.014744528,
                    0.99861366,
                    0.05053172,
                    -6.6238604
                ],
                [
                    -0.99096537,
                    0.021331806,
                    -0.13241035,
                    0.7843547
                ],
                [
                    -0.13330472,
                    -0.04812281,
                    0.9899062,
                    1.5463163
                ],
                [
                    0.0,
                    0.0,
                    0.0,
                    1.0
                ]
            ]
        },
        {
            "file_path": "images/2F707484_frame_00004.jpg",
            "transform_matrix": [
                [
                    0.037930444,
                    0.99664724,
                    0.07249474,
                    -6.6829762
                ],
                [
                    -0.99026275,
                    0.047213268,
                    -0.13095953,
                    0.77838016
                ],
                [
                    -0.13394317,
                    -0.06682145,
                    0.9887336,
                    1.6134362
                ],
                [
                    0.0,
                    0.0,
                    0.0,
                    0.9999999
                ]
            ]
        },
        {
            "file_path": "images/2F707484_frame_00005.jpg",
            "transform_matrix": [
                [
                    0.045071874,
                    0.997001,
                    0.06290818,
                    -6.7156754
                ],
                [
                    -0.9901803,
                    0.052927647,
                    -0.12938915,
                    0.77610576
                ],
                [
                    -0.13233072,
                    -0.05645866,
                    0.9895964,
                    1.6599839
                ],
                [
                    0.0,
                    0.0,
                    0.0,
                    1.0
                ]
            ]
        },
        {
            "file_path": "images/2F707484_frame_00006.jpg",
            "transform_matrix": [
                [
                    0.028070966,
                    0.99921,
                    0.028130174,
                    -6.7603536
                ],
                [
                    -0.9925303,
                    0.031203616,
                    -0.117939875,
                    0.77786386
                ],
                [
                    -0.11872448,
                    -0.024609368,
                    0.9926222,
                    1.7480638
                ],
                [
                    0.0,
                    0.0,
                    0.0,
                    0.99999994
                ]
            ]
        },
        {
            "file_path": "images/2F707484_frame_00007.jpg",
            "transform_matrix": [
                [
                    0.022838978,
                    0.99973595,
                    -0.0025487896,
                    -6.7884326
                ],
                [
                    -0.9949209,
                    0.022478828,
                    -0.09811792,
                    0.7828786
                ],
                [
                    -0.09803472,
                    0.0047767665,
                    0.9951716,
                    1.7969695
                ],
                [
                    0.0,
                    0.0,
                    0.0,
                    1.0000001
                ]
            ]
        },
        {
            "file_path": "images/2F707484_frame_00008.jpg",
            "transform_matrix": [
                [
                    0.06265947,
                    0.9972882,
                    -0.038599323,
                    -6.8377657
                ],
                [
                    -0.99295855,
                    0.058398254,
                    -0.103068225,
                    0.7850288
                ],
                [
                    -0.1005346,
                    0.04478576,
                    0.99392515,
                    1.8638216
                ],
                [
                    0.0,
                    0.0,
                    0.0,
                    1.0
                ]
            ]
        },
        {
            "file_path": "images/2F707484_frame_00009.jpg",
            "transform_matrix": [
                [
                    0.060265053,
                    0.9964923,
                    -0.058061898,
                    -6.8672137
                ],
                [
                    -0.9930466,
                    0.053960443,
                    -0.104627,
                    0.7848777
                ],
                [
                    -0.101126954,
                    0.06396353,
                    0.99281526,
                    1.9133327
                ],
                [
                    0.0,
                    0.0,
                    0.0,
                    1.0000001
                ]
            ]
        },
        {
            "file_path": "images/2F707484_frame_00010.jpg",
            "transform_matrix": [
                [
                    0.036750842,
                    0.99757546,
                    -0.059097737,
                    -6.9426036
                ],
                [
                    -0.9945536,
                    0.0307397,
                    -0.09958945,
                    0.7858249
                ],
                [
                    -0.09753136,
                    0.062435903,
                    0.99327207,
                    2.0169
                ],
                [
                    0.0,
                    0.0,
                    0.0,
                    0.99999994
                ]
            ]
        },
        {
            "file_path": "images/2F707484_frame_00011.jpg",
            "transform_matrix": [
                [
                    0.032626923,
                    0.99776375,
                    -0.05833515,
                    -6.984068
                ],
                [
                    -0.99479526,
                    0.02678198,
                    -0.09831157,
                    0.79209375
                ],
                [
                    -0.0965294,
                    0.061239153,
                    0.99344456,
                    2.0654128
                ],
                [
                    0.0,
                    0.0,
                    0.0,
                    1.0
                ]
            ]
        },
        {
            "file_path": "images/2F707484_frame_00012.jpg",
            "transform_matrix": [
                [
                    0.02177401,
                    0.9973886,
                    -0.06886112,
                    -7.032324
                ],
                [
                    -0.9944988,
                    0.014549048,
                    -0.10373303,
                    0.7964035
                ],
                [
                    -0.10246029,
                    0.07074104,
                    0.9922186,
                    2.1379728
                ],
                [
                    0.0,
                    0.0,
                    0.0,
                    1.0
                ]
            ]
        },
        {
            "file_path": "images/2F707484_frame_00013.jpg",
            "transform_matrix": [
                [
                    0.03136167,
                    0.9958908,
                    -0.084958486,
                    -7.0577035
                ],
                [
                    -0.9930062,
                    0.021365339,
                    -0.11611304,
                    0.7942611
                ],
                [
                    -0.113820754,
                    0.08800583,
                    0.9895958,
                    2.1875772
                ],
                [
                    0.0,
                    0.0,
                    0.0,
                    1.0
                ]
            ]
        },
        {
            "file_path": "images/2F707484_frame_00014.jpg",
            "transform_matrix": [
                [
                    0.051151793,
                    0.98493236,
                    -0.16520199,
                    -7.0898175
                ],
                [
                    -0.99210864,
                    0.031154051,
                    -0.12144828,
                    0.78397846
                ],
                [
                    -0.114471644,
                    0.1701107,
                    0.9787536,
                    2.2868388
                ],
                [
                    0.0,
                    0.0,
                    0.0,
                    0.99999994
                ]
            ]
        },
        {
            "file_path": "images/2F707484_frame_00015.jpg",
            "transform_matrix": [
                [
                    0.059146404,
                    0.97308093,
                    -0.22274503,
                    -7.100511
                ],
                [
                    -0.9918263,
                    0.032012496,
                    -0.123514354,
                    0.78125334
                ],
                [
                    -0.11305883,
                    0.22822988,
                    0.9670206,
                    2.3492444
                ],
                [
                    0.0,
                    0.0,
                    0.0,
                    1.0
                ]
            ]
        },
        {
            "file_path": "images/2F707484_frame_00016.jpg",
            "transform_matrix": [
                [
                    0.088612124,
                    0.9407156,
                    -0.32741722,
                    -7.1113873
                ],
                [
                    -0.9922863,
                    0.054760914,
                    -0.11121635,
                    0.78711295
                ],
                [
                    -0.08669328,
                    0.33474687,
                    0.9383117,
                    2.4390318
                ],
                [
                    0.0,
                    0.0,
                    0.0,
                    1.0
                ]
            ]
        },
        {
            "file_path": "images/2F707484_frame_00017.jpg",
            "transform_matrix": [
                [
                    0.099886276,
                    0.9169824,
                    -0.38621998,
                    -7.121866
                ],
                [
                    -0.9927829,
                    0.06595781,
                    -0.10015852,
                    0.7897296
                ],
                [
                    -0.066369385,
                    0.39343715,
                    0.91695285,
                    2.4971185
                ],
                [
                    0.0,
                    0.0,
                    0.0,
                    1.0
                ]
            ]
        },
        {
            "file_path": "images/2F707484_frame_00018.jpg",
            "transform_matrix": [
                [
                    0.10163531,
                    0.8943546,
                    -0.43566066,
                    -7.147519
                ],
                [
                    -0.9926355,
                    0.062153175,
                    -0.10397965,
                    0.7951586
                ],
                [
                    -0.06591698,
                    0.44302025,
                    0.89408505,
                    2.5942616
                ],
                [
                    0.0,
                    0.0,
                    0.0,
                    1.0
                ]
            ]
        },
        {
            "file_path": "images/2F707484_frame_00019.jpg",
            "transform_matrix": [
                [
                    0.096235976,
                    0.8946344,
                    -0.43631178,
                    -7.1703463
                ],
                [
                    -0.9929666,
                    0.055918645,
                    -0.10435743,
                    0.794943
                ],
                [
                    -0.06896378,
                    0.44328603,
                    0.8937235,
                    2.6449566
                ],
                [
                    0.0,
                    0.0,
                    0.0,
                    1.0
                ]
            ]
        },
        {
            "file_path": "images/2F707484_frame_00020.jpg",
            "transform_matrix": [
                [
                    0.072472714,
                    0.9141103,
                    -0.39893582,
                    -7.2151365
                ],
                [
                    -0.9960588,
                    0.045829628,
                    -0.0759364,
                    0.79851747
                ],
                [
                    -0.05113117,
                    0.40286693,
                    0.9138292,
                    2.7377105
                ],
                [
                    0.0,
                    0.0,
                    0.0,
                    0.9999999
                ]
            ]
        },
        {
            "file_path": "images/2F707484_frame_00021.jpg",
            "transform_matrix": [
                [
                    0.075923346,
                    0.9255886,
                    -0.3708389,
                    -7.2475314
                ],
                [
                    -0.99563754,
                    0.05014301,
                    -0.078687355,
                    0.8054031
                ],
                [
                    -0.054237135,
                    0.37519535,
                    0.92535776,
                    2.794488
                ],
                [
                    0.0,
                    0.0,
                    0.0,
                    1.0
                ]
            ]
        },
        {
            "file_path": "images/2F707484_frame_00022.jpg",
            "transform_matrix": [
                [
                    0.06683642,
                    0.9339599,
                    -0.35107234,
                    -7.2987075
                ],
                [
                    -0.99577874,
                    0.040252827,
                    -0.08248939,
                    0.8127351
                ],
                [
                    -0.06291014,
                    0.35510367,
                    0.9327078,
                    2.8841648
                ],
                [
                    0.0,
                    0.0,
                    0.0,
                    1.0
                ]
            ]
        },
        {
            "file_path": "images/2F707484_frame_00023.jpg",
            "transform_matrix": [
                [
                    0.06507137,
                    0.92498916,
                    -0.37438053,
                    -7.32092
                ],
                [
                    -0.9957191,
                    0.035506856,
                    -0.085339226,
                    0.8126596
                ],
                [
                    -0.065644786,
                    0.378331,
                    0.92333984,
                    2.9303346
                ],
                [
                    0.0,
                    0.0,
                    0.0,
                    1.0
                ]
            ]
        },
        {
            "file_path": "images/2F707484_frame_00024.jpg",
            "transform_matrix": [
                [
                    0.068266004,
                    0.8947254,
                    -0.44136867,
                    -7.358412
                ],
                [
                    -0.99476594,
                    0.027329953,
                    -0.098457135,
                    0.80355686
                ],
                [
                    -0.07602952,
                    0.4457798,
                    0.8919081,
                    3.0214527
                ],
                [
                    0.0,
                    0.0,
                    0.0,
                    1.0000001
                ]
            ]
        },
        {
            "file_path": "images/2F707484_frame_00025.jpg",
            "transform_matrix": [
                [
                    0.063046575,
                    0.86983985,
                    -0.48928913,
                    -7.375882
                ],
                [
                    -0.995345,
                    0.018994704,
                    -0.09448554,
                    0.80183685
                ],
                [
                    -0.07289339,
                    0.4929684,
                    0.8669884,
                    3.0805118
                ],
                [
                    0.0,
                    0.0,
                    0.0,
                    0.99999994
                ]
            ]
        },
        {
            "file_path": "images/2F707484_frame_00026.jpg",
            "transform_matrix": [
                [
                    0.0877829,
                    0.78830504,
                    -0.60899043,
                    -7.4263554
                ],
                [
                    -0.99564576,
                    0.050185308,
                    -0.07855515,
                    0.8094878
                ],
                [
                    -0.031363044,
                    0.61323464,
                    0.78927803,
                    3.2422063
                ],
                [
                    0.0,
                    0.0,
                    0.0,
                    0.99999994
                ]
            ]
        },
        {
            "file_path": "images/2F707484_frame_00027.jpg",
            "transform_matrix": [
                [
                    0.101882696,
                    0.7695686,
                    -0.6303841,
                    -7.45009
                ],
                [
                    -0.9939146,
                    0.052071102,
                    -0.09706849,
                    0.80731225
                ],
                [
                    -0.041876074,
                    0.63643765,
                    0.7701907,
                    3.3002536
                ],
                [
                    0.0,
                    0.0,
                    0.0,
                    1.0
                ]
            ]
        },
        {
            "file_path": "images/2F707484_frame_00028.jpg",
            "transform_matrix": [
                [
                    0.10237947,
                    0.7540497,
                    -0.6487892,
                    -7.543908
                ],
                [
                    -0.9938404,
                    0.04972078,
                    -0.09904126,
                    0.8001263
                ],
                [
                    -0.04242373,
                    0.6549328,
                    0.7544955,
                    3.4335878
                ],
                [
                    0.0,
                    0.0,
                    0.0,
                    0.99999994
                ]
            ]
        },
        {
            "file_path": "images/2F707484_frame_00029.jpg",
            "transform_matrix": [
                [
                    0.08935584,
                    0.75710315,
                    -0.64715564,
                    -7.5936036
                ],
                [
                    -0.9951887,
                    0.041651923,
                    -0.08868211,
                    0.80057764
                ],
                [
                    -0.040186234,
                    0.6519662,
                    0.7571824,
                    3.4817357
                ],
                [
                    0.0,
                    0.0,
                    0.0,
                    1.0
                ]
            ]
        },
        {
            "file_path": "images/2F707484_frame_00030.jpg",
            "transform_matrix": [
                [
                    0.054901667,
                    0.7844235,
                    -0.6177909,
                    -7.6772814
                ],
                [
                    -0.9976588,
                    0.017827153,
                    -0.0660241,
                    0.81372404
                ],
                [
                    -0.040777404,
                    0.6199695,
                    0.7835657,
                    3.56916
                ],
                [
                    0.0,
                    0.0,
                    0.0,
                    1.0
                ]
            ]
        },
        {
            "file_path": "images/2F707484_frame_00031.jpg",
            "transform_matrix": [
                [
                    0.07345251,
                    0.82567203,
                    -0.55934817,
                    -7.741872
                ],
                [
                    -0.9949419,
                    0.02213251,
                    -0.09798331,
                    0.8111359
                ],
                [
                    -0.068522304,
                    0.5637162,
                    0.8231214,
                    3.661457
                ],
                [
                    0.0,
                    0.0,
                    0.0,
                    1.0
                ]
            ]
        },
        {
            "file_path": "images/2F707484_frame_00032.jpg",
            "transform_matrix": [
                [
                    0.06024632,
                    0.8794584,
                    -0.4721474,
                    -7.797927
                ],
                [
                    -0.9973167,
                    0.033326898,
                    -0.06518099,
                    0.79820335
                ],
                [
                    -0.04158877,
                    0.4748075,
                    0.8791065,
                    3.8246229
                ],
                [
                    0.0,
                    0.0,
                    0.0,
                    0.99999994
                ]
            ]
        },
        {
            "file_path": "images/2F707484_frame_00033.jpg",
            "transform_matrix": [
                [
                    0.071597666,
                    0.88614255,
                    -0.45784834,
                    -7.816976
                ],
                [
                    -0.9960889,
                    0.03969661,
                    -0.07893616,
                    0.8036506
                ],
                [
                    -0.05177367,
                    0.4617094,
                    0.8855191,
                    3.9007978
                ],
                [
                    0.0,
                    0.0,
                    0.0,
                    1.0
                ]
            ]
        },
        {
            "file_path": "images/2F707484_frame_00034.jpg",
            "transform_matrix": [
                [
                    0.09204518,
                    0.9123663,
                    -0.3988928,
                    -7.8715034
                ],
                [
                    -0.99446994,
                    0.06388389,
                    -0.08335739,
                    0.8102237
                ],
                [
                    -0.05056964,
                    0.40435964,
                    0.913201,
                    4.080851
                ],
                [
                    0.0,
                    0.0,
                    0.0,
                    0.99999994
                ]
            ]
        },
        {
            "file_path": "images/2F707484_frame_00035.jpg",
            "transform_matrix": [
                [
                    0.007870461,
                    0.9939778,
                    -0.109298594,
                    -8.106505
                ],
                [
                    -0.99602693,
                    -0.0019033612,
                    -0.08903215,
                    0.82361495
                ],
                [
                    -0.08870402,
                    0.109565094,
                    0.9900137,
                    4.408127
                ],
                [
                    0.0,
                    0.0,
                    0.0,
                    1.0
                ]
            ]
        },
        {
            "file_path": "images/2F707484_frame_00036.jpg",
            "transform_matrix": [
                [
                    -0.010955219,
                    0.9975857,
                    -0.06857667,
                    -8.172418
                ],
                [
                    -0.9971523,
                    -0.016016377,
                    -0.07369401,
                    0.8131007
                ],
                [
                    -0.07461444,
                    0.067574054,
                    0.9949203,
                    4.5912037
                ],
                [
                    0.0,
                    0.0,
                    0.0,
                    1.0
                ]
            ]
        },
        {
            "file_path": "images/2F707484_frame_00037.jpg",
            "transform_matrix": [
                [
                    -0.002426108,
                    0.99696225,
                    -0.07784932,
                    -8.1977415
                ],
                [
                    -0.99726003,
                    -0.008168042,
                    -0.07352369,
                    0.8168874
                ],
                [
                    -0.07393622,
                    0.07745765,
                    0.99425036,
                    4.658805
                ],
                [
                    0.0,
                    0.0,
                    0.0,
                    1.0
                ]
            ]
        },
        {
            "file_path": "images/2F707484_frame_00038.jpg",
            "transform_matrix": [
                [
                    0.046907175,
                    0.9883706,
                    -0.14464906,
                    -8.277689
                ],
                [
                    -0.99420685,
                    0.032175068,
                    -0.102555424,
                    0.8139925
                ],
                [
                    -0.09670867,
                    0.14862177,
                    0.9841541,
                    4.8208537
                ],
                [
                    0.0,
                    0.0,
                    0.0,
                    1.0
                ]
            ]
        },
        {
            "file_path": "images/2F707484_frame_00039.jpg",
            "transform_matrix": [
                [
                    0.049705226,
                    0.98765147,
                    -0.1485735,
                    -8.31514
                ],
                [
                    -0.9942022,
                    0.034726307,
                    -0.10176486,
                    0.8114697
                ],
                [
                    -0.09534881,
                    0.15277039,
                    0.98365134,
                    4.8795924
                ],
                [
                    0.0,
                    0.0,
                    0.0,
                    1.0
                ]
            ]
        },
        {
            "file_path": "images/2F707484_frame_00040.jpg",
            "transform_matrix": [
                [
                    -0.005021675,
                    0.9995906,
                    -0.028165197,
                    -8.482853
                ],
                [
                    -0.99653417,
                    -0.007341029,
                    -0.08285956,
                    0.82276607
                ],
                [
                    -0.08303241,
                    0.027651474,
                    0.9961632,
                    5.096389
                ],
                [
                    0.0,
                    0.0,
                    0.0,
                    0.99999994
                ]
            ]
        },
        {
            "file_path": "images/2F707484_frame_00041.jpg",
            "transform_matrix": [
                [
                    0.0051338165,
                    0.99980736,
                    -0.018946638,
                    -8.518373
                ],
                [
                    -0.9952389,
                    0.0032643867,
                    -0.097411074,
                    0.82239544
                ],
                [
                    -0.09733046,
                    0.019356562,
                    0.99506396,
                    5.1558
                ],
                [
                    0.0,
                    0.0,
                    0.0,
                    1.0
                ]
            ]
        },
        {
            "file_path": "images/2F707484_frame_00042.jpg",
            "transform_matrix": [
                [
                    0.021838088,
                    0.99733144,
                    -0.069664545,
                    -8.565953
                ],
                [
                    -0.99511725,
                    0.014975179,
                    -0.09755671,
                    0.8137951
                ],
                [
                    -0.09625314,
                    0.07145483,
                    0.9927888,
                    5.284137
                ],
                [
                    0.0,
                    0.0,
                    0.0,
                    1.0
                ]
            ]
        },
        {
            "file_path": "images/2F707484_frame_00043.jpg",
            "transform_matrix": [
                [
                    0.022838311,
                    0.9937813,
                    -0.108981885,
                    -8.57662
                ],
                [
                    -0.99715453,
                    0.014809975,
                    -0.073915474,
                    0.8135464
                ],
                [
                    -0.071841806,
                    0.11035991,
                    0.9912919,
                    5.3465137
                ],
                [
                    0.0,
                    0.0,
                    0.0,
                    1.0
                ]
            ]
        },
        {
            "file_path": "images/2F707484_frame_00044.jpg",
            "transform_matrix": [
                [
                    0.034726012,
                    0.9846699,
                    -0.17093624,
                    -8.59296
                ],
                [
                    -0.9988741,
                    0.028664816,
                    -0.0378008,
                    0.82581544
                ],
                [
                    -0.032321457,
                    0.17205647,
                    0.9845568,
                    5.45851
                ],
                [
                    0.0,
                    0.0,
                    0.0,
                    1.0
                ]
            ]
        },
        {
            "file_path": "images/2F707484_frame_00045.jpg",
            "transform_matrix": [
                [
                    0.05577579,
                    0.98117065,
                    -0.18491384,
                    -8.609757
                ],
                [
                    -0.99721783,
                    0.045570318,
                    -0.058991555,
                    0.82554996
                ],
                [
                    -0.0494542,
                    0.18768978,
                    0.9809826,
                    5.5252037
                ],
                [
                    0.0,
                    0.0,
                    0.0,
                    0.99999994
                ]
            ]
        },
        {
            "file_path": "images/2F707484_frame_00046.jpg",
            "transform_matrix": [
                [
                    0.054497607,
                    0.9792791,
                    -0.19504482,
                    -8.641926
                ],
                [
                    -0.99662626,
                    0.04134133,
                    -0.07090187,
                    0.8193399
                ],
                [
                    -0.061369315,
                    0.19825074,
                    0.9782283,
                    5.6266575
                ],
                [
                    0.0,
                    0.0,
                    0.0,
                    1.0
                ]
            ]
        },
        {
            "file_path": "images/2F707484_frame_00047.jpg",
            "transform_matrix": [
                [
                    0.04899222,
                    0.98269856,
                    -0.1786151,
                    -8.674642
                ],
                [
                    -0.9966246,
                    0.03630327,
                    -0.07363141,
                    0.81497276
                ],
                [
                    -0.06587318,
                    0.1816196,
                    0.98116004,
                    5.6927357
                ],
                [
                    0.0,
                    0.0,
                    0.0,
                    1.0
                ]
            ]
        },
        {
            "file_path": "images/2F707484_frame_00048.jpg",
            "transform_matrix": [
                [
                    0.026756326,
                    0.9928397,
                    -0.11641859,
                    -8.747338
                ],
                [
                    -0.99814314,
                    0.020159429,
                    -0.057478465,
                    0.8175175
                ],
                [
                    -0.05471998,
                    0.117740355,
                    0.99153554,
                    5.821065
                ],
                [
                    0.0,
                    0.0,
                    0.0,
                    1.0
                ]
            ]
        },
        {
            "file_path": "images/2F707484_frame_00049.jpg",
            "transform_matrix": [
                [
                    0.0076727476,
                    0.9966709,
                    -0.081168205,
                    -8.789592
                ],
                [
                    -0.9988807,
                    0.0038503741,
                    -0.047144122,
                    0.82296026
                ],
                [
                    -0.046674646,
                    0.08143907,
                    0.99558485,
                    5.893081
                ],
                [
                    0.0,
                    0.0,
                    0.0,
                    1.0
                ]
            ]
        },
        {
            "file_path": "images/2F707484_frame_00050.jpg",
            "transform_matrix": [
                [
                    0.0113135725,
                    0.9991254,
                    -0.04025494,
                    -8.860992
                ],
                [
                    -0.9960241,
                    0.0077026635,
                    -0.08875091,
                    0.8196106
                ],
                [
                    -0.08836322,
                    0.041099027,
                    0.9952401,
                    6.042883
                ],
                [
                    0.0,
                    0.0,
                    0.0,
                    1.0
                ]
            ]
        },
        {
            "file_path": "images/2F707484_frame_00051.jpg",
            "transform_matrix": [
                [
                    0.018170817,
                    0.99840987,
                    -0.053363085,
                    -8.890504
                ],
                [
                    -0.9958087,
                    0.013286939,
                    -0.090490535,
                    0.81366026
                ],
                [
                    -0.08963762,
                    0.054783706,
                    0.99446666,
                    6.115159
                ],
                [
                    0.0,
                    0.0,
                    0.0,
                    1.0
                ]
            ]
        },
        {
            "file_path": "images/2F707484_frame_00052.jpg",
            "transform_matrix": [
                [
                    0.019697156,
                    0.9927576,
                    -0.11850772,
                    -8.930906
                ],
                [
                    -0.99620503,
